embedding_size = 36103
embedding_dimention = 100
hidden_dimention = 256
batch_size = 256
l2 = 0.000001
dropout = 0.7
rl = 0.000009
